81
AC_5B_Acarolinensis_0       0.0000000 0.0862045 0.3009004 0.1620102 0.1680918 0.1259368 0.0862045 0.0845084 0.3544990 0.1111926 0.1370589 0.1370589 0.1259368 0.1539428 0.1370589 9.0000000 0.1074222 0.0845084 0.2431344 0.0862045 0.2536843 0.3601408 0.5951277 0.3601408 0.0845084 0.1670835 0.1803670 0.3121682 0.2731267 0.1259368 0.0000010 0.0000010 0.0000010 0.2223261 0.2622629 0.3121682 0.1227840 0.2223261 2.4830843 0.3486009 0.2485153 0.0910433 0.5251700 0.1720196 0.3601408 0.2820653 0.2149773 0.1299922 0.1149134 0.2498985 0.1812672 0.1013114 0.1370589 0.0843335 0.2536843 0.2635676 0.1670835 9.0000000 0.1620102 0.3601408 0.0910433 0.2431344 9.0000000 0.3127653 0.7363779 0.0879271 0.2431344 0.1758927 0.0929682 0.2910921 0.0320612 0.0891484 0.1630125 0.1370589 0.3601408 0.5628463 0.1680918 0.2273530 0.1803670 0.1630125 1.8001023 
AC_5B_Apicea_1              0.0862045 0.0000000 0.1780533 0.0628742 0.0654513 0.0029327 0.0073751 0.0029190 0.0409071 0.0031917 0.0577417 0.0577417 0.0029691 0.0075796 0.0628986 0.0116020 0.0075712 0.0029255 0.0029691 0.0044416 0.0135453 0.0647122 0.5638813 0.0625955 0.0052271 0.0655181 0.0625955 0.0577417 0.0058580 0.0058612 0.0080114 0.0717437 0.0417348 0.0640177 0.0578785 0.0594261 0.0608615 0.0586027 0.7791172 0.1620375 0.0605922 0.0030749 0.1012217 0.0664994 0.0642964 0.0609391 0.0499680 0.0058580 0.0060690 0.0280036 0.0578785 0.0030982 0.0594281 0.0057645 0.0091064 0.0059410 0.0648815 0.0079390 0.0637362 0.0647122 0.0089846 0.0043872 0.0000010 0.7552100 1.8972321 0.0059282 0.0043982 0.0665389 0.0082133 0.1686547 0.0627095 0.0060450 0.0697952 0.0578785 0.0640177 0.5460507 0.0647408 0.0790227 0.0609391 0.0651325 1.4264314 
AC_6ASP_Afulva_45           0.3009004 0.1780533 0.0000000 0.1575853 0.1530396 0.1779645 0.1779645 0.1779645 0.2110240 0.1770597 0.1645364 0.1645364 0.1779645 0.1752318 0.1695807 0.1761845 0.1779645 0.1752318 0.1779645 0.1779645 0.1774505 0.1530396 0.7003164 0.1530396 0.2199671 0.1530396 0.1530396 0.1645364 0.1781422 0.1779645 0.1726370 0.2262882 0.2250219 0.1530396 0.1645364 0.1670015 0.1645364 0.1577556 0.8171141 0.1540227 0.1575853 0.1779645 0.2043030 0.1554788 0.1530396 0.1575853 0.2047130 0.1781422 0.1781422 0.1844992 0.1645364 0.1779645 0.1645364 0.1815944 0.1775387 0.1779645 0.1530396 0.2249410 0.1530396 0.1530396 0.1779645 0.1779645 0.1366920 1.0721408 2.1713949 0.1774505 0.1779645 0.1543946 0.2305972 0.0050316 0.1543554 0.1806145 0.1530396 0.1645364 0.1530396 0.5746349 0.1530396 0.1530396 0.1575853 0.1530396 1.4952689 
AC_7E_Acarolinensis_65      0.1620102 0.0628742 0.1575853 0.0000000 0.0092578 0.0606298 0.0658900 0.0623274 0.0977268 0.0596042 0.0565707 0.0558073 0.0638666 0.0647389 0.0595375 0.0616778 0.0666458 0.0611005 0.0638666 0.0654245 0.0723978 0.0091813 0.6293362 0.0119290 0.0678446 0.0095116 0.0117756 0.0558073 0.0620474 0.0620596 0.0626414 0.0186790 0.1098492 0.0090888 0.0550128 0.0542111 0.0539812 0.0044995 0.7845064 0.1489639 0.0000010 0.0609386 0.0960504 0.0086454 0.0103059 0.0014561 0.1052738 0.0620474 0.0615682 0.0855385 0.0542702 0.0614377 0.0559223 0.0637544 0.0664395 0.0629565 0.0106194 0.0686974 0.0120798 0.0091813 0.0665291 0.0636864 0.0601350 0.8701519 1.9506597 0.0609117 0.0605429 0.0096507 0.0707446 0.1429924 0.0279223 0.0647278 0.0141219 0.0542702 0.0090888 0.5380537 0.0091637 0.0217300 0.0014561 0.0094582 1.3164200 
AC_9B_Acarolinensis_53      0.1680918 0.0654513 0.1530396 0.0092578 0.0000000 0.0656101 0.0689356 0.0654275 0.1062312 0.0632597 0.0570556 0.0570556 0.0656101 0.0641436 0.0605993 0.0617199 0.0660792 0.0635956 0.0656101 0.0672099 0.0660320 0.0000010 0.6316530 0.0000010 0.0751060 0.0000010 0.0000010 0.0570556 0.0654751 0.0672099 0.0676634 0.0315663 0.1170272 0.0000010 0.0570556 0.0553756 0.0575810 0.0092661 0.7850713 0.1495229 0.0092578 0.0644792 0.0968142 0.0000010 0.0000010 0.0092578 0.1103392 0.0654751 0.0654751 0.0820214 0.0570556 0.0650095 0.0570556 0.0703402 0.0658712 0.0678941 0.0000010 0.0778179 0.0000010 0.0000010 0.0710042 0.0672099 0.0721357 0.9000937 1.7143891 0.0660320 0.0656101 0.0000010 0.0771161 0.1408856 0.0279220 0.0690388 0.0000010 0.0570556 0.0000010 0.5301381 0.0000010 0.0061590 0.0092578 0.0000010 1.2855461 
AG_5A_Apicea_2              0.1259368 0.0029327 0.1779645 0.0606298 0.0656101 0.0000000 0.0029191 0.0000010 0.0389490 0.0064052 0.0546369 0.0539043 0.0000010 0.0105800 0.0575339 0.0057654 0.0045117 0.0058873 0.0000010 0.0000010 0.0164835 0.0644537 0.5638813 0.0625017 0.0026097 0.0654937 0.0618080 0.0536544 0.0057766 0.0000010 0.0030791 0.0717437 0.0437720 0.0637649 0.0543801 0.0553007 0.0572762 0.0568113 0.7862599 0.1577339 0.0620175 0.0000010 0.0968357 0.0691486 0.0617504 0.0571105 0.0467354 0.0057890 0.0060830 0.0373244 0.0536544 0.0000010 0.0544133 0.0076946 0.0121058 0.0000010 0.0626651 0.0079390 0.0640419 0.0644537 0.0028830 0.0000010 0.0046855 0.7552100 1.9217306 0.0014317 0.0000010 0.0667072 0.0054807 0.1608108 0.0627095 0.0015066 0.0697693 0.0539043 0.0637649 0.5463646 0.0648962 0.0773948 0.0582740 0.0651084 1.4168928 
AG_5C_Acarolinensis_5       0.0862045 0.0073751 0.1779645 0.0658900 0.0689356 0.0029191 0.0000000 0.0043764 0.0389490 0.0080166 0.0578944 0.0574125 0.0029855 0.0137751 0.0607856 0.0086674 0.0075968 0.0103780 0.0029855 0.0029748 0.0197252 0.0701882 0.5930643 0.0680341 0.0052686 0.0672593 0.0674624 0.0574125 0.0102759 0.0029151 0.0047562 0.0717437 0.0437720 0.0694278 0.0578944 0.0590867 0.0590373 0.0623275 0.7862599 0.1620375 0.0659522 0.0030749 0.1012523 0.0713932 0.0674624 0.0640921 0.0479511 0.0102759 0.0091305 0.0332404 0.0574125 0.0015453 0.0574125 0.0076946 0.0153241 0.0029536 0.0643952 0.0079390 0.0691197 0.0701882 0.0059372 0.0029151 0.0046855 0.7552100 1.9209379 0.0044262 0.0029191 0.0701758 0.0054668 0.1674943 0.0627095 0.0030136 0.0715213 0.0574125 0.0694278 0.5463646 0.0681847 0.0790227 0.0640921 0.0668633 1.4334752 
AG_5F_Apicea_3              0.0845084 0.0029190 0.1779645 0.0623274 0.0654275 0.0000010 0.0043764 0.0000000 0.0389490 0.0064052 0.0543639 0.0539145 0.0000010 0.0106280 0.0589755 0.0057654 0.0045218 0.0058596 0.0000010 0.0014753 0.0180950 0.0645924 0.5638813 0.0624835 0.0052147 0.0654937 0.0619647 0.0539145 0.0058026 0.0028947 0.0047494 0.0717437 0.0437720 0.0639005 0.0544919 0.0555694 0.0572762 0.0584968 0.7862599 0.1597465 0.0621489 0.0000010 0.0970747 0.0688787 0.0636472 0.0603259 0.0461841 0.0058026 0.0060671 0.0326495 0.0540403 0.0000010 0.0555710 0.0076946 0.0121607 0.0029337 0.0642995 0.0079390 0.0637137 0.0645924 0.0059228 0.0014440 0.0046855 0.7552100 1.9349830 0.0029274 0.0014476 0.0665137 0.0082133 0.1670149 0.0627095 0.0030127 0.0697693 0.0540403 0.0639005 0.5463646 0.0647176 0.0789934 0.0603259 0.0651084 1.4436052 
AG_7A_Arudis_66             0.3544990 0.0409071 0.2110240 0.0977268 0.1062312 0.0389490 0.0389490 0.0389490 0.0000000 0.0453460 0.0974371 0.0974371 0.0389490 0.0449170 0.1019973 0.0105647 0.0389490 0.0449170 0.0389490 0.0389490 0.0468385 0.1043043 0.7403333 0.1043043 0.0644771 0.1043043 0.1043043 0.0974371 0.0447568 0.0389490 0.0250962 0.0865200 0.0847002 0.1043043 0.0974371 0.0996883 0.0960281 0.0934940 0.8205245 0.1822988 0.0977268 0.0389490 0.1310068 0.1092831 0.1043043 0.0977268 0.0755005 0.0447568 0.0447568 0.1061381 0.0974371 0.0389490 0.0974371 0.0470365 0.0468576 0.0389490 0.1043043 0.0079390 0.1043043 0.1043043 0.0389490 0.0389490 0.0061023 0.7750468 1.8420597 0.0409641 0.0389490 0.1050413 0.0690000 0.2116100 0.1529054 0.0390153 0.1043043 0.0974371 0.1043043 0.5852939 0.1043043 0.1043043 0.0977268 0.1043043 1.4071071 
BM_5B_Apicea_19             0.1111926 0.0031917 0.1770597 0.0596042 0.0632597 0.0064052 0.0080166 0.0064052 0.0453460 0.0000000 0.0595583 0.0595583 0.0064052 0.0000010 0.0632696 0.0147344 0.0064052 0.0000010 0.0064052 0.0064052 0.0015886 0.0632597 0.6035137 0.0632597 0.0084847 0.0632597 0.0632597 0.0595583 0.0096443 0.0064052 0.0101853 0.0660110 0.0464995 0.0632597 0.0595583 0.0613995 0.0601886 0.0560732 0.7645610 0.1618651 0.0596042 0.0064052 0.0980715 0.0643027 0.0632597 0.0596042 0.0409831 0.0096443 0.0096443 0.0104298 0.0595583 0.0064052 0.0595583 0.0019266 0.0015891 0.0064052 0.0632597 0.0000010 0.0632597 0.0632597 0.0064052 0.0064052 0.0000010 0.7899202 1.7570636 0.0047835 0.0064052 0.0652206 0.0115388 0.1675146 0.0576160 0.0080285 0.0632597 0.0595583 0.0632597 0.5597797 0.0632597 0.0632597 0.0596042 0.0632597 1.2764235 
BM_5E_Apicea_20             0.1370589 0.0577417 0.1645364 0.0565707 0.0570556 0.0546369 0.0578944 0.0543639 0.0974371 0.0595583 0.0000000 0.0000010 0.0553630 0.0629290 0.0044119 0.0549306 0.0613941 0.0559172 0.0553630 0.0568588 0.0654424 0.0581364 0.5846615 0.0562394 0.0708680 0.0568998 0.0562394 0.0000010 0.0593538 0.0577118 0.0615940 0.0728983 0.1118719 0.0575141 0.0000010 0.0014628 0.0000010 0.0538638 0.7881531 0.1551856 0.0557778 0.0557321 0.0388313 0.0645119 0.0579241 0.0545949 0.1029944 0.0593538 0.0599205 0.0688595 0.0000010 0.0561864 0.0014627 0.0659324 0.0646224 0.0585504 0.0565632 0.0590293 0.0573459 0.0581364 0.0605543 0.0560335 0.0492778 0.8435626 2.1441242 0.0565288 0.0561842 0.0577821 0.0711899 0.1569881 0.0759481 0.0579340 0.0612538 0.0000010 0.0575141 0.5196736 0.0564391 0.0705278 0.0545949 0.0565656 1.4177274 
BM_6ASP_Acarolinensis_33    0.1370589 0.0577417 0.1645364 0.0558073 0.0570556 0.0539043 0.0574125 0.0539145 0.0974371 0.0595583 0.0000010 0.0000000 0.0553630 0.0629290 0.0043771 0.0549306 0.0613941 0.0559172 0.0553630 0.0568588 0.0670678 0.0581364 0.5846615 0.0562394 0.0708680 0.0568998 0.0554850 0.0000010 0.0585579 0.0569388 0.0606903 0.0728983 0.1118719 0.0575141 0.0000010 0.0014443 0.0000010 0.0538638 0.7881531 0.1551856 0.0557778 0.0557321 0.0388313 0.0645119 0.0572262 0.0538635 0.1014811 0.0585579 0.0599205 0.0688595 0.0000010 0.0561864 0.0028974 0.0659324 0.0646224 0.0577549 0.0557786 0.0590293 0.0573459 0.0581364 0.0597259 0.0552845 0.0492778 0.8435626 2.1532814 0.0557666 0.0554311 0.0577821 0.0711899 0.1546314 0.0759481 0.0579340 0.0612538 0.0000010 0.0575141 0.5196736 0.0564391 0.0705278 0.0538635 0.0565656 1.3927595 
BM_7I_Apicea_67             0.1259368 0.0029691 0.1779645 0.0638666 0.0656101 0.0000010 0.0029855 0.0000010 0.0389490 0.0064052 0.0553630 0.0553630 0.0000000 0.0105800 0.0605724 0.0057654 0.0045117 0.0059607 0.0000010 0.0000010 0.0151999 0.0644537 0.5638813 0.0633333 0.0026097 0.0654937 0.0634856 0.0550993 0.0059229 0.0014738 0.0048669 0.0717437 0.0437720 0.0637649 0.0552308 0.0567930 0.0572762 0.0583745 0.7862599 0.1577339 0.0620175 0.0000010 0.0968357 0.0691486 0.0650557 0.0616564 0.0474692 0.0059360 0.0060830 0.0373244 0.0552308 0.0000010 0.0570673 0.0076946 0.0121058 0.0014940 0.0659188 0.0079390 0.0638868 0.0644537 0.0045417 0.0000010 0.0046855 0.7552100 1.8719460 0.0029943 0.0014738 0.0667072 0.0054807 0.1676378 0.0627095 0.0015066 0.0697693 0.0554958 0.0637649 0.5463646 0.0648962 0.0773948 0.0618044 0.0651084 1.4121569 
BMM_4A_Acarolinensis_70     0.1539428 0.0075796 0.1752318 0.0647389 0.0641436 0.0105800 0.0137751 0.0106280 0.0449170 0.0000010 0.0629290 0.0629290 0.0105800 0.0000000 0.0664628 0.0145909 0.0060245 0.0045179 0.0105416 0.0106427 0.0029793 0.0644296 0.5528314 0.0690294 0.0079751 0.0636130 0.0677952 0.0623794 0.0136016 0.0105800 0.0149190 0.0648838 0.0460290 0.0693013 0.0623794 0.0641155 0.0589609 0.0623987 0.7555829 0.1562619 0.0675211 0.0062079 0.0990535 0.0642804 0.0690294 0.0655759 0.0585600 0.0136824 0.0107859 0.0475057 0.0626225 0.0062299 0.0629290 0.0019081 0.0014827 0.0106316 0.0682038 0.0000010 0.0682316 0.0644296 0.0076723 0.0105416 0.0047028 0.7899202 1.8239189 0.0090965 0.0105416 0.0650776 0.0110665 0.1723110 0.0567563 0.0107546 0.0623537 0.0629290 0.0691321 0.5399534 0.0689475 0.0668083 0.0643269 0.0632399 1.3347588 
BMM_4B_Apicea_71            0.1370589 0.0628986 0.1695807 0.0595375 0.0605993 0.0575339 0.0607856 0.0589755 0.1019973 0.0632696 0.0044119 0.0043771 0.0605724 0.0664628 0.0000000 0.0581165 0.0649258 0.0610353 0.0605724 0.0620718 0.0704085 0.0616512 0.5727544 0.0613895 0.0738649 0.0605371 0.0608757 0.0043712 0.0639875 0.0606534 0.0648088 0.0806672 0.1168983 0.0609879 0.0029385 0.0058478 0.0031750 0.0573484 0.8012453 0.1568439 0.0592350 0.0592895 0.0424148 0.0695799 0.0608757 0.0575452 0.1040081 0.0639875 0.0634540 0.0793788 0.0029114 0.0597752 0.0043771 0.0704705 0.0681685 0.0615323 0.0596141 0.0686974 0.0625163 0.0616512 0.0635521 0.0606534 0.0492778 0.8211402 2.1521898 0.0594931 0.0591318 0.0614808 0.0810704 0.1600265 0.0828098 0.0614360 0.0648727 0.0029153 0.0609879 0.5211235 0.0599412 0.0741568 0.0575452 0.0601801 1.3980332 
BMM_4C_Apicea_69            9.0000000 0.0116020 0.1761845 0.0616778 0.0617199 0.0057654 0.0086674 0.0057654 0.0105647 0.0147344 0.0549306 0.0549306 0.0057654 0.0145909 0.0581165 0.0000000 0.0057654 0.0145909 0.0057654 0.0057654 0.0175379 0.0617199 0.2773266 0.0617199 0.0260522 0.0617199 0.0617199 0.0549306 0.0086821 0.0057654 0.0058116 0.0922696 0.0275464 0.0617199 0.0549306 0.0549306 0.0549306 0.0552893 0.5759859 0.1607347 0.0616778 0.0057654 0.0913706 0.0644948 0.0617199 0.0616778 0.0339552 0.0086821 0.0086821 0.2773266 0.0549306 0.0057654 0.0549306 0.0159735 0.0175485 0.0057654 0.0617199 0.0340647 0.0617199 0.0617199 0.0057654 0.0057654 0.0054567 1.5622743 1.7526252 0.0087005 0.0057654 0.0645185 0.0278089 0.1701866 0.1457403 0.0086906 0.0617199 0.0549306 0.0617199 0.6138595 0.0617199 0.0617199 0.0616778 0.0617199 1.2831502 
BMM_4E_Acarolinensis_68     0.1074222 0.0075712 0.1779645 0.0666458 0.0660792 0.0045117 0.0075968 0.0045218 0.0389490 0.0064052 0.0613941 0.0613941 0.0045117 0.0060245 0.0649258 0.0057654 0.0000000 0.0106407 0.0045117 0.0045280 0.0090631 0.0650664 0.5751019 0.0697100 0.0026396 0.0654937 0.0697100 0.0612441 0.0105956 0.0045117 0.0082117 0.0717437 0.0437720 0.0698148 0.0612441 0.0629915 0.0572762 0.0628571 0.7862599 0.1566970 0.0680199 0.0000010 0.0959166 0.0694207 0.0697100 0.0662195 0.0496840 0.0105956 0.0076702 0.0383700 0.0612441 0.0000010 0.0613941 0.0076946 0.0075394 0.0045446 0.0700872 0.0079390 0.0701609 0.0650664 0.0000010 0.0045117 0.0094319 0.7552100 1.8358848 0.0060566 0.0045117 0.0670976 0.0055065 0.1750044 0.0627095 0.0045752 0.0641930 0.0613941 0.0698148 0.5463646 0.0709007 0.0704362 0.0662195 0.0651084 1.3737760 
BMM_5B_Apicea_22            0.0845084 0.0029255 0.1752318 0.0611005 0.0635956 0.0058873 0.0103780 0.0058596 0.0449170 0.0000010 0.0559172 0.0559172 0.0059607 0.0045179 0.0610353 0.0145909 0.0106407 0.0000000 0.0059607 0.0074406 0.0104665 0.0627866 0.5638813 0.0607433 0.0105244 0.0636130 0.0607433 0.0559172 0.0088198 0.0088246 0.0112785 0.0648838 0.0460290 0.0621163 0.0560489 0.0575898 0.0589609 0.0567471 0.7555829 0.1595331 0.0603743 0.0061826 0.0988657 0.0638971 0.0624321 0.0590975 0.0534927 0.0088198 0.0091516 0.0375522 0.0560489 0.0062299 0.0575916 0.0019081 0.0060310 0.0089453 0.0630445 0.0000010 0.0619353 0.0627866 0.0120419 0.0073392 0.0000010 0.7899202 1.9033476 0.0059088 0.0073576 0.0646003 0.0138201 0.1662450 0.0567563 0.0091152 0.0678953 0.0560489 0.0621163 0.5399534 0.0629078 0.0771080 0.0590975 0.0632399 1.4011237 
BMM_5D_Apicea_21            0.2431344 0.0029691 0.1779645 0.0638666 0.0656101 0.0000010 0.0029855 0.0000010 0.0389490 0.0064052 0.0553630 0.0553630 0.0000010 0.0105416 0.0605724 0.0057654 0.0045117 0.0059607 0.0000000 0.0000010 0.0149448 0.0648398 0.5638813 0.0637589 0.0026097 0.0654937 0.0634856 0.0527529 0.0056845 0.0014738 0.0048669 0.0717437 0.0437720 0.0653202 0.0547939 0.0543699 0.0572762 0.0599171 0.7862599 0.1577339 0.0635701 0.0000010 0.0999437 0.0691486 0.0654112 0.0629574 0.0474692 0.0059360 0.0060830 0.0846933 0.0552308 0.0000010 0.0570673 0.0076946 0.0116083 0.0014333 0.0659188 0.0079390 0.0638868 0.0648398 0.0045417 0.0000010 0.0046855 0.7552100 1.8719460 0.0029943 0.0014147 0.0667072 0.0054807 0.1676378 0.0627095 0.0015066 0.0697693 0.0554958 0.0640836 0.5463646 0.0648962 0.0773948 0.0618044 0.0651084 1.4121569 
BMM_6E_Apicea_34            0.0862045 0.0044416 0.1779645 0.0654245 0.0672099 0.0000010 0.0029748 0.0014753 0.0389490 0.0064052 0.0568588 0.0568588 0.0000010 0.0106427 0.0620718 0.0057654 0.0045280 0.0074406 0.0000010 0.0000000 0.0168162 0.0664493 0.5638813 0.0651298 0.0026096 0.0654937 0.0651298 0.0568588 0.0074262 0.0014770 0.0048552 0.0717437 0.0437720 0.0657348 0.0569950 0.0585618 0.0572762 0.0602929 0.7862599 0.1599501 0.0622971 0.0015350 0.0992759 0.0713932 0.0668619 0.0634447 0.0489574 0.0074262 0.0075997 0.0328791 0.0569950 0.0000010 0.0585637 0.0076946 0.0121776 0.0014973 0.0657544 0.0079390 0.0654452 0.0664493 0.0060527 0.0000010 0.0046855 0.7552100 1.8859975 0.0029917 0.0014790 0.0683746 0.0054668 0.1693320 0.0627095 0.0015045 0.0697693 0.0569950 0.0657348 0.5463646 0.0664789 0.0772792 0.0634447 0.0651084 1.4223170 
BMM_7G_Apicea_72            0.2536843 0.0135453 0.1774505 0.0723978 0.0660320 0.0164835 0.0197252 0.0180950 0.0468385 0.0015886 0.0654424 0.0670678 0.0151999 0.0029793 0.0704085 0.0175379 0.0090631 0.0104665 0.0149448 0.0168162 0.0000000 0.0653524 0.5528314 0.0738293 0.0106986 0.0653463 0.0753022 0.0655766 0.0207396 0.0180138 0.0229706 0.0648838 0.0480853 0.0711693 0.0629155 0.0672779 0.0571474 0.0675957 0.7625509 0.1587658 0.0693781 0.0077876 0.0958056 0.0669210 0.0754322 0.0729234 0.0645294 0.0211381 0.0123704 0.0609416 0.0650329 0.0077944 0.0670678 0.0038219 0.0044161 0.0178180 0.0757249 0.0079261 0.0735443 0.0653524 0.0136866 0.0177151 0.0047028 0.7899202 1.8999538 0.0165205 0.0177151 0.0670477 0.0139216 0.1819761 0.0626305 0.0123344 0.0658404 0.0653474 0.0700045 0.5356031 0.0708497 0.0704802 0.0718324 0.0649628 1.3760470 
CC_2B_Arudis_8              0.3601408 0.0647122 0.1530396 0.0091813 0.0000010 0.0644537 0.0701882 0.0645924 0.1043043 0.0632597 0.0581364 0.0581364 0.0644537 0.0644296 0.0616512 0.0617199 0.0650664 0.0627866 0.0648398 0.0664493 0.0653524 0.0000000 0.6338811 0.0000010 0.0734256 0.0000010 0.0000010 0.0585142 0.0647141 0.0660255 0.0676634 0.0315663 0.1170272 0.0000010 0.0590329 0.0569263 0.0575810 0.0090907 0.7850713 0.1490953 0.0106089 0.0644792 0.1038328 0.0000010 0.0000010 0.0090497 0.1103392 0.0644806 0.0654751 0.1627319 0.0578535 0.0650095 0.0581364 0.0703402 0.0650826 0.0672992 0.0000010 0.0778179 0.0000010 0.0000010 0.0710042 0.0663456 0.0721357 0.9000937 1.7143891 0.0651815 0.0648398 0.0000010 0.0771161 0.1401006 0.0279220 0.0688668 0.0000010 0.0581364 0.0000010 0.5301381 0.0000010 0.0076973 0.0091269 0.0000010 1.2744056 
CC_2C_Acarolinensis_7       0.5951277 0.5638813 0.7003164 0.6293362 0.6316530 0.5638813 0.5930643 0.5638813 0.7403333 0.6035137 0.5846615 0.5846615 0.5638813 0.5528314 0.5727544 0.2773266 0.5751019 0.5638813 0.5638813 0.5638813 0.5528314 0.6338811 0.0000000 0.6338811 0.5506598 0.6630943 0.6338811 0.5846615 0.5820241 0.5638813 0.6076044 0.9107352 0.7568186 0.6338811 0.5846615 0.5846615 0.5607577 0.6293362 3.0350349 0.5938409 0.6293362 0.5717276 0.6608057 0.6159514 0.6338811 0.6293362 0.6681548 0.5820241 0.5788208 0.6296526 0.5846615 0.5624255 0.5846615 0.5943851 0.5528314 0.5312156 0.6630943 0.4388773 0.6338811 0.6338811 0.5821249 0.5638813 9.0000000 2.5364050 2.7391979 0.5528314 0.5638813 0.6394381 0.5521261 0.7165137 0.5205308 0.5603447 0.6630943 0.5846615 0.6338811 0.0063653 0.6316530 0.6509182 0.6293362 0.6630943 2.0698071 
CC_2D_Acarolinensis_6       0.3601408 0.0625955 0.1530396 0.0119290 0.0000010 0.0625017 0.0680341 0.0624835 0.1043043 0.0632597 0.0562394 0.0562394 0.0633333 0.0690294 0.0613895 0.0617199 0.0697100 0.0607433 0.0637589 0.0651298 0.0738293 0.0000010 0.6338811 0.0000000 0.0734256 0.0000010 0.0000010 0.0566907 0.0626949 0.0655713 0.0671069 0.0315663 0.1170272 0.0000010 0.0572629 0.0551541 0.0575810 0.0104546 0.7850713 0.1490953 0.0105030 0.0644792 0.1038328 0.0000010 0.0013997 0.0102578 0.1104449 0.0623790 0.0650534 0.1627319 0.0561068 0.0650095 0.0579241 0.0703402 0.0695069 0.0668191 0.0015196 0.0778179 0.0000010 0.0000010 0.0707612 0.0642726 0.0706918 0.9000937 1.8724156 0.0647483 0.0644387 0.0000010 0.0771161 0.1408735 0.0279220 0.0682199 0.0046623 0.0563726 0.0000010 0.5301381 0.0000010 0.0123022 0.0103428 0.0000010 1.3484361 
CC_5D_Apicea_23             0.0845084 0.0052271 0.2199671 0.0678446 0.0751060 0.0026097 0.0052686 0.0052147 0.0644771 0.0084847 0.0708680 0.0708680 0.0026097 0.0079751 0.0738649 0.0260522 0.0026396 0.0105244 0.0026097 0.0026096 0.0106986 0.0734256 0.5506598 0.0734256 0.0000000 0.0718041 0.0734256 0.0708680 0.0131373 0.0026034 0.0091993 0.0796381 0.0638407 0.0734256 0.0708680 0.0739838 0.0708124 0.0644733 0.8828094 0.1561110 0.0703375 0.0053603 0.1090187 0.0779617 0.0734256 0.0673791 0.0579852 0.0131373 0.0134125 0.0418543 0.0708680 0.0027390 0.0708680 0.0113807 0.0106557 0.0026671 0.0720001 0.0087884 0.0739367 0.0734256 0.0107947 0.0026034 9.0000000 0.7605604 1.5717474 0.0053217 0.0026097 0.0762857 0.0057978 0.2052954 0.0740123 0.0026468 0.0714152 0.0708680 0.0734256 0.5662609 0.0751060 0.0844012 0.0673791 0.0714152 1.2754404 
CC_6E_Arudis_36             0.1670835 0.0655181 0.1530396 0.0095116 0.0000010 0.0654937 0.0672593 0.0654937 0.1043043 0.0632597 0.0568998 0.0568998 0.0654937 0.0636130 0.0605371 0.0617199 0.0654937 0.0636130 0.0654937 0.0654937 0.0653463 0.0000010 0.6630943 0.0000010 0.0718041 0.0000000 0.0000010 0.0568998 0.0655425 0.0654937 0.0679795 0.0315663 0.1170272 0.0000010 0.0568998 0.0551755 0.0578372 0.0095205 0.7885210 0.1465707 0.0095116 0.0639517 0.0953349 0.0000010 0.0000010 0.0095116 0.1001837 0.0655425 0.0655425 0.0764477 0.0568998 0.0654937 0.0568998 0.0703402 0.0653706 0.0654937 0.0000010 0.0778179 0.0000010 0.0000010 0.0654937 0.0654937 0.0731181 0.9000937 1.7252947 0.0653463 0.0654937 0.0000010 0.0730038 0.1429240 0.0279220 0.0673625 0.0000010 0.0568998 0.0000010 0.5376884 0.0000010 0.0000010 0.0095116 0.0000010 1.2662731 
CC_9C_Arudis_56             0.1803670 0.0625955 0.1530396 0.0117756 0.0000010 0.0618080 0.0674624 0.0619647 0.1043043 0.0632597 0.0562394 0.0554850 0.0634856 0.0677952 0.0608757 0.0617199 0.0697100 0.0607433 0.0634856 0.0651298 0.0753022 0.0000010 0.6338811 0.0000010 0.0734256 0.0000010 0.0000000 0.0553559 0.0615441 0.0648445 0.0661174 0.0315663 0.1170272 0.0000010 0.0562394 0.0537732 0.0575810 0.0105049 0.7850713 0.1490953 0.0105537 0.0644792 0.0993733 0.0000010 0.0014476 0.0102110 0.1088149 0.0615441 0.0650534 0.1057666 0.0554850 0.0650095 0.0588802 0.0703402 0.0694946 0.0657769 0.0014996 0.0778179 0.0000010 0.0000010 0.0697854 0.0631689 0.0706918 0.9000937 1.8835450 0.0638712 0.0633371 0.0000010 0.0771161 0.1387844 0.0279220 0.0682199 0.0046623 0.0556146 0.0000010 0.5301381 0.0000010 0.0123022 0.0102110 0.0000010 1.3264976 
CL_4A_Apicea_73             0.3121682 0.0577417 0.1645364 0.0558073 0.0570556 0.0536544 0.0574125 0.0539145 0.0974371 0.0595583 0.0000010 0.0000010 0.0550993 0.0623794 0.0043712 0.0549306 0.0612441 0.0559172 0.0527529 0.0568588 0.0655766 0.0585142 0.5846615 0.0566907 0.0708680 0.0568998 0.0553559 0.0000000 0.0558655 0.0566748 0.0606903 0.0728983 0.1118719 0.0587928 0.0000010 0.0013818 0.0000010 0.0551517 0.7881531 0.1551856 0.0570628 0.0557321 0.0436861 0.0645119 0.0576292 0.0549100 0.1013259 0.0584216 0.0599205 0.1254786 0.0000010 0.0561864 0.0028974 0.0659324 0.0615144 0.0550665 0.0557786 0.0590293 0.0572627 0.0585142 0.0597259 0.0527507 0.0492778 0.8435626 2.1532814 0.0557666 0.0528842 0.0577821 0.0744205 0.1546314 0.0759481 0.0579340 0.0612538 0.0000010 0.0576820 0.5196736 0.0564391 0.0705278 0.0537385 0.0565656 1.3927595 
CL_5C_Acarolinensis_9       0.2731267 0.0058580 0.1781422 0.0620474 0.0654751 0.0057766 0.0102759 0.0058026 0.0447568 0.0096443 0.0593538 0.0585579 0.0059229 0.0136016 0.0639875 0.0086821 0.0105956 0.0088198 0.0056845 0.0074262 0.0207396 0.0647141 0.5820241 0.0626949 0.0131373 0.0655425 0.0615441 0.0558655 0.0000000 0.0086587 0.0110988 0.0717437 0.0396383 0.0651897 0.0587512 0.0574486 0.0627091 0.0597981 0.7690020 0.1643401 0.0634432 0.0061702 0.1054540 0.0689493 0.0635770 0.0610477 0.0526344 0.0000010 0.0000010 0.0791472 0.0584216 0.0062172 0.0619692 0.0115947 0.0145601 0.0084259 0.0640016 0.0079390 0.0637587 0.0647141 0.0118625 0.0069193 0.0000010 0.7812714 1.9102277 0.0087944 0.0069356 0.0665642 0.0165601 0.1661792 0.0750180 0.0090971 0.0698211 0.0586948 0.0639578 0.5554381 0.0647641 0.0790520 0.0599170 0.0651567 1.4192631 
DM_49_AG7E_Arudis           0.1259368 0.0058612 0.1779645 0.0620596 0.0672099 0.0000010 0.0029151 0.0028947 0.0389490 0.0064052 0.0577118 0.0569388 0.0014738 0.0105800 0.0606534 0.0057654 0.0045117 0.0088246 0.0014738 0.0014770 0.0180138 0.0660255 0.5638813 0.0655713 0.0026034 0.0654937 0.0648445 0.0566748 0.0086587 0.0000000 0.0030268 0.0717437 0.0437720 0.0653202 0.0559019 0.0583258 0.0572762 0.0582704 0.7862599 0.1599501 0.0635701 0.0015350 0.0985642 0.0713932 0.0631676 0.0584997 0.0491221 0.0086774 0.0075997 0.0419195 0.0551564 0.0000010 0.0558163 0.0076946 0.0121058 0.0000010 0.0623055 0.0079390 0.0671866 0.0660255 0.0043275 0.0014325 0.0046855 0.7552100 1.9355972 0.0014298 0.0000010 0.0683746 0.0054668 0.1625944 0.0627095 0.0015045 0.0697693 0.0554132 0.0653202 0.5463646 0.0664789 0.0772792 0.0596891 0.0651084 1.4268055 
DM_50_BMC_Apicea            0.0000010 0.0080114 0.1726370 0.0626414 0.0676634 0.0030791 0.0047562 0.0047494 0.0250962 0.0101853 0.0615940 0.0606903 0.0048669 0.0149190 0.0648088 0.0058116 0.0082117 0.0112785 0.0048669 0.0048552 0.0229706 0.0676634 0.6076044 0.0671069 0.0091993 0.0679795 0.0661174 0.0606903 0.0110988 0.0030268 0.0000000 0.0676731 0.0501420 0.0668645 0.0598990 0.0625172 0.0619548 0.0590651 0.7661188 0.1614030 0.0630874 0.0033192 0.0995408 0.0719205 0.0644381 0.0592755 0.0445445 0.0110988 0.0098936 0.0119126 0.0590198 0.0032946 0.0593826 0.0122955 0.0165983 0.0030549 0.0643108 0.0079390 0.0682732 0.0676634 0.0030906 0.0047244 0.0047264 0.7689382 1.8960372 0.0046473 0.0030874 0.0688358 0.0125320 0.1625982 0.0704391 0.0049107 0.0727375 0.0590198 0.0668645 0.5847696 0.0668645 0.0729118 0.0604473 0.0677733 1.4950183 
DM_51_CCD_Acarolinensis     0.0000010 0.0717437 0.2262882 0.0186790 0.0315663 0.0717437 0.0717437 0.0717437 0.0865200 0.0660110 0.0728983 0.0728983 0.0717437 0.0648838 0.0806672 0.0922696 0.0717437 0.0648838 0.0717437 0.0717437 0.0648838 0.0315663 0.9107352 0.0315663 0.0796381 0.0315663 0.0315663 0.0728983 0.0717437 0.0717437 0.0676731 0.0000000 0.1218731 0.0315663 0.0728983 0.0660173 0.0728983 0.0186790 1.1641897 0.1577966 0.0186790 0.0717437 0.1253806 0.0335111 0.0315663 0.0186790 0.1423574 0.0717437 0.0717437 0.0688996 0.0728983 0.0717437 0.0728983 0.0648838 0.0648838 0.0717437 0.0315663 0.0901897 0.0315663 0.0315663 0.0717437 0.0717437 9.0000000 1.1511274 1.8002065 0.0717437 0.0717437 0.0320995 0.0781933 0.2037411 0.0424248 0.0717437 0.0315663 0.0728983 0.0315663 0.7124383 0.0315663 0.0315663 0.0186790 0.0315663 1.2147581 
DM_53_PK7A_Apicea           0.0000010 0.0417348 0.2250219 0.1098492 0.1170272 0.0437720 0.0437720 0.0437720 0.0847002 0.0464995 0.1118719 0.1118719 0.0437720 0.0460290 0.1168983 0.0275464 0.0437720 0.0460290 0.0437720 0.0437720 0.0480853 0.1170272 0.7568186 0.1170272 0.0638407 0.1170272 0.1170272 0.1118719 0.0396383 0.0437720 0.0501420 0.1218731 0.0000000 0.1170272 0.1118719 0.1143478 0.1118719 0.1052468 0.9057255 0.2099043 0.1098492 0.0437720 0.1497292 0.1190425 0.1170272 0.1098492 0.0713096 0.0396383 0.0396383 0.0596432 0.1118719 0.0437720 0.1118719 0.0500335 0.0481063 0.0437720 0.1170272 0.1143867 0.1170272 0.1170272 0.0437720 0.0437720 0.0070660 0.8481651 1.6046630 0.0459550 0.0437720 0.1154109 0.0685179 0.2172906 0.1265608 0.0437720 0.1170272 0.1118719 0.1170272 0.6117182 0.1170272 0.1170272 0.1098492 0.1170272 1.4175626 
DM_54_TCI_Acarolinensis     0.2223261 0.0640177 0.1530396 0.0090888 0.0000010 0.0637649 0.0694278 0.0639005 0.1043043 0.0632597 0.0575141 0.0575141 0.0637649 0.0693013 0.0609879 0.0617199 0.0698148 0.0621163 0.0653202 0.0657348 0.0711693 0.0000010 0.6338811 0.0000010 0.0734256 0.0000010 0.0000010 0.0587928 0.0651897 0.0653202 0.0668645 0.0315663 0.1170272 0.0000000 0.0587928 0.0571544 0.0575810 0.0089999 0.7850713 0.1490953 0.0105030 0.0644792 0.1009908 0.0000010 0.0000010 0.0089920 0.1111996 0.0637912 0.0650534 0.1097417 0.0572373 0.0650095 0.0575141 0.0703402 0.0709998 0.0678657 0.0000010 0.0778179 0.0000010 0.0000010 0.0706128 0.0668736 0.0706918 0.9000937 1.7820852 0.0644771 0.0653202 0.0000010 0.0771161 0.1403780 0.0279220 0.0682199 0.0046689 0.0575141 0.0000010 0.5301381 0.0000010 0.0123195 0.0090354 0.0000010 1.2872197 
EM_9B_Apicea_57             0.2622629 0.0578785 0.1645364 0.0550128 0.0570556 0.0543801 0.0578944 0.0544919 0.0974371 0.0595583 0.0000010 0.0000010 0.0552308 0.0623794 0.0029385 0.0549306 0.0612441 0.0560489 0.0547939 0.0569950 0.0629155 0.0590329 0.5846615 0.0572629 0.0708680 0.0568998 0.0562394 0.0000010 0.0587512 0.0559019 0.0598990 0.0728983 0.1118719 0.0587928 0.0000000 0.0014489 0.0000010 0.0535893 0.7881531 0.1551856 0.0570628 0.0557321 0.0401160 0.0645119 0.0572629 0.0541164 0.1013059 0.0593538 0.0599205 0.0817659 0.0000010 0.0561864 0.0000010 0.0659324 0.0637889 0.0562627 0.0549611 0.0590293 0.0574845 0.0590329 0.0589753 0.0554667 0.0492778 0.8435626 2.1287715 0.0549723 0.0539566 0.0577821 0.0711899 0.1552786 0.0759481 0.0579340 0.0612538 0.0000010 0.0584086 0.5196736 0.0564391 0.0705278 0.0529233 0.0565656 1.4076268 
EM_9D_Apicea_58             0.3121682 0.0594261 0.1670015 0.0542111 0.0553756 0.0553007 0.0590867 0.0555694 0.0996883 0.0613995 0.0014628 0.0014443 0.0567930 0.0641155 0.0058478 0.0549306 0.0629915 0.0575898 0.0543699 0.0585618 0.0672779 0.0569263 0.5846615 0.0551541 0.0739838 0.0551755 0.0537732 0.0013818 0.0574486 0.0583258 0.0625172 0.0660173 0.1143478 0.0571544 0.0014489 0.0000000 0.0015837 0.0535299 0.7899826 0.1574065 0.0554298 0.0574979 0.0454037 0.0621293 0.0561064 0.0533405 0.1034047 0.0600822 0.0616737 0.1264702 0.0014412 0.0579676 0.0043560 0.0681810 0.0631821 0.0566677 0.0541377 0.0682494 0.0557044 0.0569263 0.0614269 0.0543226 0.0492778 0.8173668 2.1318219 0.0574345 0.0544603 0.0560302 0.0744523 0.1567172 0.0824338 0.0596720 0.0595442 0.0014474 0.0560752 0.5204754 0.0547780 0.0688260 0.0521593 0.0548516 1.3927595 
FR_6ASP_Apicea_47           0.1227840 0.0608615 0.1645364 0.0539812 0.0575810 0.0572762 0.0590373 0.0572762 0.0960281 0.0601886 0.0000010 0.0000010 0.0572762 0.0589609 0.0031750 0.0549306 0.0572762 0.0589609 0.0572762 0.0572762 0.0571474 0.0575810 0.5607577 0.0575810 0.0708124 0.0578372 0.0575810 0.0000010 0.0627091 0.0572762 0.0619548 0.0728983 0.1118719 0.0575810 0.0000010 0.0015837 0.0000000 0.0522897 0.7907486 0.1527965 0.0539812 0.0577080 0.0354863 0.0652637 0.0575810 0.0539812 0.0896539 0.0627091 0.0627091 0.0441949 0.0000010 0.0572762 0.0000010 0.0664167 0.0607239 0.0572762 0.0575810 0.0590293 0.0575810 0.0575810 0.0572762 0.0572762 0.0502535 0.8435626 1.9624842 0.0571474 0.0572762 0.0582650 0.0722100 0.1551818 0.0759481 0.0591283 0.0575810 0.0000010 0.0575810 0.5246421 0.0575810 0.0575810 0.0539812 0.0576701 1.3460113 
OCO_3ASP_Arudis_77          0.2223261 0.0586027 0.1577556 0.0044995 0.0092661 0.0568113 0.0623275 0.0584968 0.0934940 0.0560732 0.0538638 0.0538638 0.0583745 0.0623987 0.0573484 0.0552893 0.0628571 0.0567471 0.0599171 0.0602929 0.0675957 0.0090907 0.6293362 0.0104546 0.0644733 0.0095205 0.0105049 0.0551517 0.0597981 0.0582704 0.0590651 0.0186790 0.1052468 0.0089999 0.0535893 0.0535299 0.0522897 0.0000000 0.7863432 0.1471079 0.0044764 0.0575201 0.0950510 0.0086564 0.0089507 0.0029638 0.1028064 0.0583976 0.0582039 0.0987546 0.0520432 0.0579901 0.0522162 0.0594796 0.0640767 0.0606872 0.0093421 0.0686974 0.0105667 0.0090907 0.0632840 0.0614578 0.0601350 0.8701519 1.9115068 0.0573551 0.0582704 0.0096597 0.0676884 0.1435389 0.0279223 0.0613615 0.0141348 0.0522925 0.0089999 0.5386871 0.0091718 0.0217497 0.0029779 0.0094670 1.3206546 
OCO_4ASP_Afulva_74          2.4830843 0.7791172 0.8171141 0.7845064 0.7850713 0.7862599 0.7862599 0.7862599 0.8205245 0.7645610 0.7881531 0.7881531 0.7862599 0.7555829 0.8012453 0.5759859 0.7862599 0.7555829 0.7862599 0.7862599 0.7625509 0.7850713 3.0350349 0.7850713 0.8828094 0.7885210 0.7850713 0.7881531 0.7690020 0.7862599 0.7661188 1.1641897 0.9057255 0.7850713 0.7881531 0.7899826 0.7907486 0.7863432 0.0000000 0.8035876 0.7845064 0.7862599 0.9775982 0.8125556 0.7850713 0.7845064 0.9478091 0.7690020 0.7690020 1.2229346 0.7881531 0.7862599 0.7881531 0.7451100 0.7631190 0.7897241 0.7919976 0.9145366 0.7850713 0.7850713 0.7862599 0.7862599 0.3833699 3.7387036 3.0983808 0.7701305 0.7862599 0.7807323 0.8905100 0.8237907 0.9601895 0.7897241 0.7850713 0.7881531 0.7850713 0.9857794 0.7850713 0.7850713 0.7845064 0.7850713 2.3594193 
OCO_4ASP_Atennesseeinsis_75 0.3486009 0.1620375 0.1540227 0.1489639 0.1495229 0.1577339 0.1620375 0.1597465 0.1822988 0.1618651 0.1551856 0.1551856 0.1577339 0.1562619 0.1568439 0.1607347 0.1566970 0.1595331 0.1577339 0.1599501 0.1587658 0.1490953 0.5938409 0.1490953 0.1561110 0.1465707 0.1490953 0.1551856 0.1643401 0.1599501 0.1614030 0.1577966 0.2099043 0.1490953 0.1551856 0.1574065 0.1527965 0.1471079 0.8035876 0.0000000 0.1489639 0.1586849 0.1957113 0.1412851 0.1490953 0.1489639 0.2159006 0.1643401 0.1648205 0.1942214 0.1551856 0.1589268 0.1551856 0.1630319 0.1583433 0.1599227 0.1468179 0.1344499 0.1490953 0.1490953 0.1601981 0.1599501 0.1580673 0.9088962 2.1782340 0.1565487 0.1577339 0.1499355 0.1763612 0.1448594 0.1573072 0.1623080 0.1460787 0.1551856 0.1490953 0.5410371 0.1495229 0.1532428 0.1489639 0.1460787 1.5142145 
OCO_4C_Acarolinensis_76     0.2485153 0.0605922 0.1575853 0.0000010 0.0092578 0.0620175 0.0659522 0.0621489 0.0977268 0.0596042 0.0557778 0.0557778 0.0620175 0.0675211 0.0592350 0.0616778 0.0680199 0.0603743 0.0635701 0.0622971 0.0693781 0.0106089 0.6293362 0.0105030 0.0703375 0.0095116 0.0105537 0.0570628 0.0634432 0.0635701 0.0630874 0.0186790 0.1098492 0.0105030 0.0570628 0.0554298 0.0539812 0.0044764 0.7845064 0.1489639 0.0000000 0.0609386 0.0989103 0.0086454 0.0105030 0.0014856 0.1072291 0.0620428 0.0615682 0.0931952 0.0555101 0.0614377 0.0557778 0.0637544 0.0692132 0.0660845 0.0093871 0.0686974 0.0090888 0.0106089 0.0670730 0.0651208 0.0601350 0.8701519 1.8590334 0.0627085 0.0635701 0.0096507 0.0707446 0.1443531 0.0279223 0.0647278 0.0141422 0.0557778 0.0105030 0.5380537 0.0091637 0.0217610 0.0014928 0.0094582 1.2863345 
OCO_5B_Apicea_25            0.0910433 0.0030749 0.1779645 0.0609386 0.0644792 0.0000010 0.0030749 0.0000010 0.0389490 0.0064052 0.0557321 0.0557321 0.0000010 0.0062079 0.0592895 0.0057654 0.0000010 0.0061826 0.0000010 0.0015350 0.0077876 0.0644792 0.5717276 0.0644792 0.0053603 0.0639517 0.0644792 0.0557321 0.0061702 0.0015350 0.0033192 0.0717437 0.0437720 0.0644792 0.0557321 0.0574979 0.0577080 0.0575201 0.7862599 0.1586849 0.0609386 0.0000000 0.0927381 0.0688787 0.0644792 0.0609386 0.0431307 0.0061702 0.0061702 0.0143813 0.0557321 0.0000010 0.0557321 0.0076946 0.0077694 0.0015435 0.0640500 0.0079390 0.0644792 0.0644792 0.0030814 0.0015350 0.0048770 0.7552100 1.7471537 0.0015471 0.0000010 0.0667072 0.0082133 0.1698952 0.0627095 0.0030792 0.0637562 0.0557321 0.0644792 0.5463646 0.0644792 0.0679967 0.0609386 0.0637562 1.3256980 
OCO_5C_Apicea_24            0.5251700 0.1012217 0.2043030 0.0960504 0.0968142 0.0968357 0.1012523 0.0970747 0.1310068 0.0980715 0.0388313 0.0388313 0.0968357 0.0990535 0.0424148 0.0913706 0.0959166 0.0988657 0.0999437 0.0992759 0.0958056 0.1038328 0.6608057 0.1038328 0.1090187 0.0953349 0.0993733 0.0436861 0.1054540 0.0985642 0.0995408 0.1253806 0.1497292 0.1009908 0.0401160 0.0454037 0.0354863 0.0950510 0.9775982 0.1957113 0.0989103 0.0927381 0.0000000 0.1123463 0.1038328 0.0965507 0.1383328 0.1028438 0.1003274 0.2449013 0.0386349 0.0943442 0.0388313 0.1036188 0.1022817 0.1073445 0.0954966 0.0926165 0.1000968 0.1038328 0.0987621 0.1068498 0.0947796 0.8310874 2.1141572 0.0961035 0.0999437 0.0957877 0.1006092 0.2021962 0.1401637 0.1001938 0.0950130 0.0388313 0.1009752 0.5517124 0.0968142 0.1028433 0.0953597 0.0950130 1.4500992 
OCO_6E_Arudis_79            0.1720196 0.0664994 0.1554788 0.0086454 0.0000010 0.0691486 0.0713932 0.0688787 0.1092831 0.0643027 0.0645119 0.0645119 0.0691486 0.0642804 0.0695799 0.0644948 0.0694207 0.0638971 0.0691486 0.0713932 0.0669210 0.0000010 0.6159514 0.0000010 0.0779617 0.0000010 0.0000010 0.0645119 0.0689493 0.0713932 0.0719205 0.0335111 0.1190425 0.0000010 0.0645119 0.0621293 0.0652637 0.0086564 0.8125556 0.1412851 0.0086454 0.0688787 0.1123463 0.0000000 0.0000010 0.0086454 0.1300373 0.0689493 0.0689493 0.0872831 0.0645119 0.0679595 0.0645119 0.0667759 0.0666934 0.0719766 0.0000010 0.0830765 0.0000010 0.0000010 0.0740674 0.0713932 0.0811384 0.9245036 1.4210944 0.0693509 0.0691486 0.0000010 0.0794854 0.1449272 0.0306361 0.0713932 0.0000010 0.0645119 0.0000010 0.5254112 0.0000010 0.0043029 0.0086454 0.0000010 1.2946844 
OCO_7A_Arudis_78            0.3601408 0.0642964 0.1530396 0.0103059 0.0000010 0.0617504 0.0674624 0.0636472 0.1043043 0.0632597 0.0579241 0.0572262 0.0650557 0.0690294 0.0608757 0.0617199 0.0697100 0.0624321 0.0654112 0.0668619 0.0754322 0.0000010 0.6338811 0.0013997 0.0734256 0.0000010 0.0014476 0.0576292 0.0635770 0.0631676 0.0644381 0.0315663 0.1170272 0.0000010 0.0572629 0.0561064 0.0575810 0.0089507 0.7850713 0.1490953 0.0105030 0.0644792 0.1038328 0.0000010 0.0000000 0.0086831 0.1071395 0.0633032 0.0650534 0.1627319 0.0554337 0.0650095 0.0556138 0.0703402 0.0695069 0.0644641 0.0000010 0.0778179 0.0014943 0.0000010 0.0682153 0.0651408 0.0706918 0.9000937 1.8938238 0.0623282 0.0621443 0.0000010 0.0771161 0.1371049 0.0279220 0.0682199 0.0046623 0.0556932 0.0000010 0.5301381 0.0000010 0.0123022 0.0087541 0.0000010 1.3322181 
OCO_7G_Arudis_80            0.2820653 0.0609391 0.1575853 0.0014561 0.0092578 0.0571105 0.0640921 0.0603259 0.0977268 0.0596042 0.0545949 0.0538635 0.0616564 0.0655759 0.0575452 0.0616778 0.0662195 0.0590975 0.0629574 0.0634447 0.0729234 0.0090497 0.6293362 0.0102578 0.0673791 0.0095116 0.0102110 0.0549100 0.0610477 0.0584997 0.0592755 0.0186790 0.1098492 0.0089920 0.0541164 0.0533405 0.0539812 0.0029638 0.7845064 0.1489639 0.0014856 0.0609386 0.0965507 0.0086454 0.0086831 0.0000000 0.1043550 0.0599170 0.0615682 0.1084337 0.0520948 0.0614377 0.0528012 0.0637544 0.0671575 0.0605788 0.0103772 0.0686974 0.0105574 0.0090497 0.0632751 0.0626586 0.0601350 0.8701519 1.9728408 0.0578604 0.0585153 0.0096507 0.0707446 0.1395278 0.0279223 0.0647278 0.0141219 0.0523372 0.0089598 0.5380537 0.0091637 0.0217300 0.0000010 0.0094582 1.3348030 
PK_4C_Apicea_81             0.2149773 0.0499680 0.2047130 0.1052738 0.1103392 0.0467354 0.0479511 0.0461841 0.0755005 0.0409831 0.1029944 0.1014811 0.0474692 0.0585600 0.1040081 0.0339552 0.0496840 0.0534927 0.0474692 0.0489574 0.0645294 0.1103392 0.6681548 0.1104449 0.0579852 0.1001837 0.1088149 0.1013259 0.0526344 0.0491221 0.0445445 0.1423574 0.0713096 0.1111996 0.1013059 0.1034047 0.0896539 0.1028064 0.9478091 0.2159006 0.1072291 0.0431307 0.1383328 0.1300373 0.1071395 0.1043550 0.0000000 0.0526344 0.0512571 0.0913388 0.0996641 0.0398767 0.1029277 0.0449845 0.0603129 0.0446757 0.0943745 0.0592029 0.1122032 0.1103392 0.0485676 0.0476265 0.0410422 0.8434618 2.0317063 0.0453169 0.0452013 0.1132399 0.0718367 0.2146467 0.1017952 0.0495257 0.1108905 0.0998168 0.1111996 0.6354444 0.1111996 0.1198240 0.1027208 0.1038951 1.5577633 
